
09:22:48
4,0,0,0,0,0,0,0,0,0,0,0,0;4,4,4,4,4,4,4,4,4,4,0,4,4;4,4,4,4,4,4,4,4,4,4,4,4,4;4,4,4,4,4,4,4,4,4,4,4,4,4;4,4,4,4,4,4,4,4,4,4,4,4,4;4,4,4,4,4,4,4,4,4,4,4,4,4;
09:44:16
4,0,0,0,0,0,0,0,0,0,0,0,0;4,4,4,4,4,4,4,4,4,4,0,4,4;4,4,4,4,4,4,4,4,4,4,4,4,4;4,4,4,4,4,4,4,4,4,4,4,4,4;4,4,4,4,4,4,4,4,4,4,4,4,4;4,4,4,4,4,4,4,4,4,4,4,4,4;
09:44:18
4,0,0,0,0,0,0,0,0,0,0,0,0;4,4,4,4,4,4,4,4,4,4,0,4,4;4,4,4,4,4,4,4,4,4,4,4,4,4;4,4,4,4,4,4,4,4,4,4,4,4,4;4,4,4,4,4,4,4,4,4,4,4,4,4;4,4,4,4,4,4,4,4,4,4,4,4,4;
09:44:19
4,0,0,0,0,0,0,0,0,0,0,0,0;4,4,4,4,4,4,4,4,4,4,0,4,4;4,4,4,4,4,4,4,4,4,4,4,4,4;4,4,4,4,4,4,4,4,4,4,4,4,4;4,4,4,4,4,4,4,4,4,4,4,4,4;4,4,4,4,4,4,4,4,4,4,4,4,4;
09:44:20
4,0,0,0,0,0,0,0,0,0,0,0,0;4,4,4,4,4,4,4,4,4,4,0,4,4;4,4,4,4,4,4,4,4,4,4,4,4,4;4,4,4,4,4,4,4,4,4,4,4,4,4;4,4,4,4,4,4,4,4,4,4,4,4,4;4,4,4,4,4,4,4,4,4,4,4,4,4;
09:44:21
4,0,0,0,0,0,0,0,0,0,0,0,0;4,4,4,4,4,4,4,4,4,4,0,4,4;4,4,4,4,4,4,4,4,4,4,4,4,4;4,4,4,4,4,4,4,4,4,4,4,4,4;4,4,4,4,4,4,4,4,4,4,4,4,4;4,4,4,4,4,4,4,4,4,4,4,4,4;
11:04:00
4,0,0,0,0,0,0,0,0,0,0,0,0;4,4,4,4,4,4,
11:10:21
4,0,0,0,0,0,0,0,0,0,0,0,0;4,4,4,4,4,4,4,4,4,4,0,4,4;4,4,4,4,4,4,4,4,4,4,4,4,4;4,4,4,4,4,4,4,4,4,4,4,4,4;4,4,4,4,4,4,4,4,4,4,
11:10:52
4,0,0,0,0,0,0,0,0,0,0,0,0;4,4,4,4,4,4,4,4,4,4,0,4,4;4,4,4,4,4,4,4,4,4,4,4,4,4;4,4,4,4,4,4,4,4,4,4,4,4,4;4,4,4,4,4,4,4,4,4,4,4,4,4;4,4,4,4,4,4,4,4,4,4,4,4,4;
11:10:59
4,0,0,0,0,0,0,0,0,0,0,0,0;4,4,4,4,4,4,4,4,4,4,0,4,4;4,4,4,4,4,4,4,4,4,4,4,4,4;4,4,4,4,4,4,4,4,4,4,4,4,4;4,4,4,4,4,4,4,4,4,4,4,4,4;4,4,4,4,4,4,4,4,4,4,4,4,4;
11:11:03
4,0,0,0,0,0,0,0,0,0,0,0,0;4,4,4,4,4,4,4,4,4,4,0,4,4;4,4,4,4,4,4,4,4,4,4,4,4,4;4,4,4,4,4,4,4,4,4,4,4,4,4;4,4,4,4,4,4,4,4,4,4,4,4,4;4,4,4,4,4,4,4,4,4,4,4,4,4;
11:13:37
4,0,0,0,0,0,0,0,0,0,0,0,0;4,4,4,4,4,4,4,4,4,4,0,4,4;4,4,4,4,4,4,4,4,4,4,4,4,4;4,4,4,4,
11:13:44
4,0,0,0,0,0,0,0,0,0,0,0,0;4,4,4,4,4,4,4,4,4,4,0,4,4;4,4,4,4,4,4,4,4,4,4,4,4,4;4,4,4,4,4,4,4,4,4,4,4,4,4;4,4,4,4,4,4,4,4,4,4,4,4,4;4,4,4,4,4,4,4,4,4,4,4,4,4;
11:13:46
4,0,0,0,0,0,0,0,0,0,0,0,0;4,4,4,4,4,4,4,4,4,4,0,4,4;4,4,4,4,4,4,4,4,4,4,4,4,4;4,4,4,4,4,4,4,4,4,4,4,4,4;4,4,4,4,4,4,4,4,4,4,4,4,4;4,4,4,4,4,4,4,4,4,4,4,4,4;
11:18:33
4,0,0,0,0,0,0,0,0,0,0,0,0;4,4,4,4,4,4,4,4,4,4,0,4,4;4,4,4,4,4,4,4,4,4,4,4,4,4;4,4,4,4,4,4,4,4,4,4,4,4,4;4,4,4,4,4,4,4,4,4,
11:18:47
4,0,0,0,0,0,0,0,0,0,0,0,0;4,4,4,4,4,4,4,4,4,4,0,4,4;4,4,4,4,4,4,4,4,4,4,4,4,4;4,4,4,4,4,4,4,4,4,4,4,4,4;4,4,4,4,4,4,4,4,4,4,4,4,4;4,4,4,4,4,4,4,4,4,4,4,4,4;
11:18:49
4,0,0,0,0,0,0,0,0,0,0,0,0;4,4,4,4,4,4,4,4,4,4,0,4,4;4,4,4,4,4,4,4,4,4,4,4,4,4;4,4,4,4,4,4,4,4,4,4,4,4,4;4,4,4,4,4,4,4,4,4,4,4,4,4;4,4,4,4,4,4,4,4,4,4,4,4,4;
11:18:50
4,0,0,0,0,0,0,0,0,0,0,0,0;4,4,4,4,4,4,4,4,4,4,0,4,4;4,4,4,4,4,4,4,4,4,4,4,4,4;4,4,4,4,4,4,4,4,4,4,4,4,4;4,4,4,4,4,4,4,4,4,4,4,4,4;4,4,4,4,4,4,4,4,4,4,4,4,4;
11:18:51
4,0,0,0,0,0,0,0,0,0,0,0,0;4,4,4,4,4,4,4,4,4,4,0,4,4;4,4,4,4,4,4,4,4,4,4,4,4,4;4,4,4,4,4,4,4,4,4,4,4,4,4;4,4,4,4,4,4,4,4,4,4,4,4,4;4,4,4,4,4,4,4,4,4,4,4,4,4;
11:18:53
4,0,0,0,0,0,0,0,0,0,0,0,0;4,4,4,4,4,4,4,4,4,4,0,4,4;4,4,4,4,4,4,4,4,4,4,4,4,4;4,4,4,4,4,4,4,4,4,4,4,4,4;4,4,4,4,4,4,4,4,4,4,4,4,4;4,4,4,4,4,4,4,4,4,4,4,4,4;
11:18:55
4,0,0,0,0,0,0,0,0,0,0,0,0;4,4,4,4,4,4,4,4,4,4,0,4,4;4,4,4,4,4,4,4,4,4,4,4,4,4;4,4,4,4,4,4,4,4,4,4,4,4,4;4,4,4,4,4,4,4,4,4,4,4,4,4;4,4,4,4,4,4,4,4,4,4,4,4,4;
11:18:56
4,0,0,0,0,0,0,0,0,0,0,0,0;4,4,4,4,4,4,4,4,4,4,0,4,4;4,4,4,4,4,4,4,4,4,4,4,4,4;4,4,4,4,4,4,4,4,4,4,4,4,4;4,4,4,4,4,4,4,4,4,4,4,4,4;4,4,4,4,4,4,4,4,4,4,4,4,4;
11:18:58
4,0,0,0,0,0,0,0,0,0,0,0,0;4,4,4,4,4,4,4,4,4,4,0,4,4;4,4,4,4,4,4,4,4,4,4,4,4,4;4,4,4,4,4,4,4,4,4,4,4,4,4;4,4,4,4,4,4,4,4,4,4,4,4,4;4,4,4,4,4,4,4,4,4,4,4,4,4;
11:18:59
4,0,0,0,0,0,0,0,0,0,0,0,0;4,4,4,4,4,4,4,4,4,4,0,4,4;4,4,4,4,4,4,4,4,4,4,4,4,4;4,4,4,4,4,4,4,4,4,4,4,4,4;4,4,4,4,4,4,4,4,4,4,4,4,4;4,4,4,4,4,4,4,4,4,4,4,4,4;
11:19:01
4,0,0,0,0,0,0,0,0,0,0,0,0;4,4,4,4,4,4,4,4,4,4,0,4,4;4,4,4,4,4,4,4,4,4,4,4,4,4;4,4,4,4,4,4,4,4,4,4,4,4,4;4,4,4,4,4,4,4,4,4,4,4,4,4;4,4,4,4,4,4,4,4,4,4,4,4,4;
02:44:32
4,4,4,4,4,4,4,4,4,4,4,4,4;4,4,4,4,4,4,4,4,4,4,4,4,4;4,4,4,4,4,4,4,4,4,4,4,4,4;4,4,4,4,4,4,4,4,4,4,4,4,4;4,4,4,4,4,4,4,4,4,4,4,4,4;4,4,4,4,4,4,4,4,4,4,4,4,4;
02:44:34
4,0,0,0,0,0,0,0,0,0,0,0,0;4,4,4,4,4,4,4,4,4,4,0,4,4;4,4,4,4,4,4,4,4,4,4,4,4,4;4,4,4,4,4,4,4,4,4,4,4,4,4;4,4,4,4,4,4,4,4,4,4,4,4,4;4,4,4,4,4,4,4,4,4,4,4,4,4;
02:44:42
4,4,0,0,0,0,0,0,0,4,0,0,0;4,4,4,4,4,4,4,4,4,4,0,4,4;4,4,4,4,4,4,4,4,4,4,4,4,4;4,4,4,4,4,4,4,4,4,4,4,4,4;4,4,4,4,4,4,4,4,4,4,4,4,4;4,4,4,4,4,4,4,4,4,4,4,4,4;
02:44:46
4,0,0,0,0,0,0,0,0,0,0,0,0;4,4,4,4,4,4,4,4,4,4,0,4,4;4,0,4,4,4,4,4,4,4,4,4,4,4;4,4,4,0,4,4,4,4,4,4,4,4,4;4,4,4,4,4,4,0,4,4,4,4,4,4;4,4,4,4,4,4,4,4,4,4,4,4,4;
02:44:47
4,4,4,4,4,4,4,4,4,4,4,4,4;4,4,4,4,4,4,4,4,4,4,0,4,4;4,4,4,4,4,4,4,4,4,4,4,4,4;4,4,4,4,4,4,4,4,4,4,4,4,4;4,4,4,4,4,4,4,4,4,4,4,4,4;4,4,4,4,4,4,4,4,4,4,4,4,4;
02:44:48
4,4,4,4,4,4,4,4,4,4,4,4,4;4,4,4,4,4,4,4,4,4,4,4,4,4;4,4,4,4,4,4,4,4,4,4,4,4,4;4,4,4,4,4,4,4,4,4,4,4,4,4;4,4,4,4,4,4,4,4,4,4,4,4,4;4,4,4,4,4,4,4,4,4,4,4,4,4;
02:54:25
4,4,4,4,4,4,4,4,4,4,4,4,4;4,4,4,4,4,4,4,4,4,4,4,4,4;4,4,4,4,4,4,4,4,4,4,4,4,4;4,4,4,4,4,4,4,4,4,4,4,4,4;4,4,4,4,4,4,4,4,4,4,4,4,4;4,4,4,4,4,4,4,4,4,4,4,4,4;
02:54:28
4,0,0,0,0,0,0,0,0,0,0,0,0;4,4,4,4,4,4,4,4,4,4,0,4,4;4,4,4,4,4,4,4,4,4,4,4,4,4;4,4,4,4,4,4,4,4,4,4,4,4,4;4,4,4,4,4,4,4,4,4,4,4,4,4;4,4,4,4,4,4,4,4,4,4,4,4,4;
02:54:29
4,4,0,0,0,0,0,0,0,4,0,0,0;4,4,4,4,4,4,4,4,4,4,0,4,4;4,4,4,4,4,4,4,4,4,4,4,4,4;4,4,4,4,4,4,4,4,4,4,4,4,4;4,4,4,4,4,4,4,4,4,4,4,4,4;4,4,4,4,4,4,4,4,4,4,4,4,4;
03:02:10
4,4,4,4,4,4,4,4,4,4,4,4,4;4,4,4,4,4,4,4,4,4,4,4,4,4;4,4,4,4,4,4,4,4,4,4,4,4,4;4,4,4,4,4,4,4,4,4,4,4,4,4;4,4,4,4,4,4,4,4,4,4,4,4,4;4,4,4,4,4,4,4,4,4,4,4,4,4;
03:02:21
4,0,0,0,0,0,0,0,0,0,0,0,0;4,4,4,4,4,4,4,4,4,4,0,4,4;4,4,4,4,4,4,4,4,4,4,4,4,4;4,4,4,4,4,4,4,4,4,4,4,4,4;4,4,4,4,4,4,4,4,4,4,4,4,4;4,4,4,4,4,4,4,4,4,4,4,4,4;
03:02:26
4,4,0,0,0,0,0,0,0,4,0,0,0;4,4,4,4,4,4,4,4,4,4,0,4,4;4,4,4,4,4,4,4,4,4,4,4,4,4;4,4,4,4,4,4,4,4,4,4,4,4,4;4,4,4,4,4,4,4,4,4,4,4,4,4;4,4,4,4,4,4,4,4,4,4,4,4,4;
03:02:27
4,0,0,0,0,0,0,0,0,0,0,0,0;4,4,4,4,4,4,4,4,4,4,0,4,4;4,0,4,4,4,4,4,4,4,4,4,4,4;4,4,4,0,4,4,4,4,4,4,4,4,4;4,4,4,4,4,4,0,4,4,4,4,4,4;4,4,4,4,4,4,4,4,4,4,4,4,4;
03:02:28
4,4,4,4,4,4,4,4,4,4,4,4,4;4,4,4,4,4,4,4,4,4,4,0,4,4;4,4,4,4,4,4,4,4,4,4,4,4,4;4,4,4,4,4,4,4,4,4,4,4,4,4;4,4,4,4,4,4,4,4,4,4,4,4,4;4,4,4,4,4,4,4,4,4,4,4,4,4;
03:02:29
4,4,4,4,4,4,4,4,4,4,4,4,4;4,4,4,4,4,4,4,4,4,4,4,4,4;4,4,4,4,4,4,4,4,4,4,4,4,4;4,4,4,4,4,4,4,4,4,4,4,4,4;4,4,4,4,4,4,4,4,4,4,4,4,4;4,4,4,4,4,4,4,4,4,4,4,4,4;
03:02:31
4,0,0,0,0,0,0,0,0,0,0,0,0;4,4,4,4,4,4,4,4,4,4,0,4,4;4,4,4,4,4,4,4,4,4,4,4,4,4;4,4,4,4,4,4,4,4,4,4,4,4,4;4,4,4,4,4,4,4,4,4,4,4,4,4;4,4,4,4,4,4,4,4,4,4,4,4,4;
03:02:33
4,4,0,0,0,0,0,0,0,4,0,0,0;4,4,4,4,4,4,4,4,4,4,0,4,4;4,4,4,4,4,4,4,4,4,4,4,4,4;4,4,4,4,4,4,4,4,4,4,4,4,4;4,4,4,4,4,4,4,4,4,4,4,4,4;4,4,4,4,4,4,4,4,4,4,4,4,4;
03:21:58
4,4,4,4,4,4,4,4,4,4,4,4,4;4,4,4,4,4,4,4,4,4,4,4,4,4;4,4,4,4,4,4,4,4,4,4,4,4,4;4,4,4,4,4,4,4,4,4,4,4,4,4;4,4,4,4,4,4,4,4,4,4,4,4,4;4,4,4,4,4,4,4,4,4,4,4,4,4;
03:22:01
4,0,0,0,0,0,0,0,0,0,0,0,0;4,4,4,4,4,4,4,4,4,4,0,4,4;4,4,4,4,4,4,4,4,4,4,4,4,4;4,4,4,4,4,4,4,4,4,4,4,4,4;4,4,4,4,4,4,4,4,4,4,4,4,4;4,4,4,4,4,4,4,4,4,4,4,4,4;
03:22:12
4,4,0,0,0,0,0,0,0,4,0,0,0;4,4,4,4,4,4,4,4,4,4,0,4,4;4,4,4,4,4,4,4,4,4,4,4,4,4;4,4,4,4,4,4,4,4,4,4,4,4,4;4,4,4,4,4,4,4,4,4,4,4,4,4;4,4,4,4,4,4,4,4,4,4,4,4,4;
03:23:29
4,4,4,4,4,4,4,4,4,4,4,4,4;4,4,4,4,4,4,4,4,4,4,4,4,4;4,4,4,4,4,4,4,4,4,4,4,4,4;4,4,4,4,4,4,4,4,4,4,4,4,4;4,4,4,4,4,4,4,4,4,4,4,4,4;4,4,4,4,4,4,4,4,4,4,4,4,4;
03:27:04
4,4,4,4,4,4,4,4,4,4,4,4,4;4,4,4,4,4,4,4,4,4,4,4,4,4;4,4,4,4,4,4,4,4,4,4,4,4,4;4,4,4,4,4,4,4,4,4,4,4,4,4;4,4,4,4,4,4,4,4,4,4,4,4,4;4,4,4,4,4,4,4,4,4,4,4,4,4;
03:38:21
4,4,4,4,4,4,4,4,4,4,4,4,4;4,4,4,4,4,4,4,4,4,4,4,4,4;4,4,4,4,4,4,4,4,4,4,4,4,4;4,4,4,4,4,4,4,4,4,4,4,4,4;4,4,4,4,4,4,4,4,4,4,4,4,4;4,4,4,4,4,4,4,4,4,4,4,4,4;
03:38:29
4,0,0,0,0,0,0,0,0,0,0,0,0;4,4,4,4,4,4,4,4,4,4,0,4,4;4,4,4,4,4,4,4,4,4,4,4,4,4;4,4,4,4,4,4,4,4,4,4,4,4,4;4,4,4,4,4,4,4,4,4,4,4,4,4;4,4,4,4,4,4,4,4,4,4,4,4,4;
03:38:32
4,4,0,0,0,0,0,0,0,4,0,0,0;4,4,4,4,4,4,4,4,4,4,0,4,4;4,4,4,4,4,4,4,4,4,4,4,4,4;4,4,4,4,4,4,4,4,4,4,4,4,4;4,4,4,4,4,4,4,4,4,4,4,4,4;4,4,4,4,4,4,4,4,4,4,4,4,4;
03:38:37
4,0,0,0,0,0,0,0,0,0,0,0,0;4,4,4,4,4,4,4,4,4,4,0,4,4;4,0,4,4,4,4,4,4,4,4,4,4,4;4,4,4,0,4,4,4,4,4,4,4,4,4;4,4,4,4,4,4,0,4,4,4,4,4,4;4,4,4,4,4,4,4,4,4,4,4,4,4;
03:50:22
4,0,0,0,0,0,0,0,0,0,0,0,0;4,4,4,4,4,4,4,4,4,4,0,4,4;4,4,4,4,4,4,4,4,4,4,4,4,4;4,4,4,4,4,4,4,4,4,4,4,4,4;4,4,4,4,4,4,4,4,4,4,4,4,4;4,4,4,4,4,4,4,4,4,4,4,4,4;
04:01:14
4,4,4,4,4,4,4,4,4,4,4,4,4;4,4,4,4,4,4,4,4,4,4,4,4,4;4,4,4,4,4,4,4,4,4,4,4,4,4;4,4,4,4,4,4,4,4,4,4,4,4,4;4,4,4,4,4,4,4,4,4,4,4,4,4;4,4,4,4,4,4,4,4,4,4,4,4,4;
05:14:41
4,4,4,4,4,4,4,4,4,4,4,4,4;4,4,4,4,4,4,4,4,4,4,4,4,4;4,4,4,4,4,4,4,4,4,4,4,4,4;4,4,4,4,4,4,4,4,4,4,4,4,4;4,4,4,4,4,4,4,4,4,4,4,4,4;4,4,4,4,4,4,4,4,4,4,4,4,4;
05:52:59
4,0,0,0,0,0,0,0,0,0,0,0,0;4,4,4,4,4,4,4,4,4,4,0,4,4;4,4,4,4,4,4,4,4,4,4,4,4,4;4,4,4,4,4,4,4,4,4,4,4,4,4;4,4,4,4,4,4,4,4,4,4,4,4,4;4,4,4,4,4,4,4,4,4,4,4,4,4;
05:53:03
4,0,0,0,0,0,0,0,0,0,0,0,0;4,4,4,4,4,4,4,4,4,4,0,4,4;4,4,4,4,4,4,4,4,4,4,4,4,4;4,4,4,4,4,4,4,4,4,4,4,4,4;4,4,4,4,4,4,4,4,4,4,4,4,4;4,4,4,4,4,4,4,4,4,4,4,4,4;
05:53:05
4,0,0,0,0,0,0,0,0,0,0,0,0;4,4,4,4,4,4,4,4,4,4,0,4,4;4,4,4,4,4,4,4,4,4,4,4,4,4;4,4,4,4,4,4,4,4,4,4,4,4,4;4,4,4,4,4,4,4,4,4,4,4,4,4;4,4,4,4,4,4,4,4,4,4,4,4,4;
05:53:06
4,0,0,0,0,0,0,0,0,0,0,0,0;4,4,4,4,4,4,4,4,4,4,0,4,4;4,4,4,4,4,4,4,4,4,4,4,4,4;4,4,4,4,4,4,4,4,4,4,4,4,4;4,4,4,4,4,4,4,4,4,4,4,4,4;4,4,4,4,4,4,4,4,4,4,4,4,4;
05:53:07
4,0,0,0,0,0,0,0,0,0,0,0,0;4,4,4,4,4,4,4,4,4,4,0,4,4;4,4,4,4,4,4,4,4,4,4,4,4,4;4,4,4,4,4,4,4,4,4,4,4,4,4;4,4,4,4,4,4,4,4,4,4,4,4,4;4,4,4,4,4,4,4,4,4,4,4,4,4;
05:53:19
4,0,0,0,0,0,0,0,0,0,0,0,0;4,4,4,4,4,4,4,4,4,4,0,4,4;4,4,4,4,4,4,4,4,4,4,4,4,4;4,4,4,4,4,4,4,4,4,4,4,4,4;4,4,4,4,4,4,4,4,4,4,4,4,4;4,4,4,4,4,4,4,4,4,4,4,4,4;
05:57:13
4,0,0,0,0,0,0,0,0,0,0,0,0;4,4,4,4,4,4,4,4,4,4,0,4,4;4,4,4,4,4,4,4,4,4,4,4,4,4;4,4,4,4,4,4,4,4,4,4,4,4,4;4,4,4,4,4,4,4,4,4,4,4,4,4;4,4,4,4,4,4,4,4,4,4,4,4,4;
05:57:56
4,0,0,0,0,0,0,0,0,0,0,0,0;4,4,4,4,4,4,4,4,4,4,0,4,4;4,4,4,4,4,4,4,4,4,4,4,4,4;4,4,4,4,4,4,4,4,4,4,4,4,4;4,4,4,4,4,4,4,4,4,4,4,4,4;4,4,4,4,4,4,4,4,4,4,4,4,4;
05:59:21
4,0,0,0,0,0,0,0,0,0,0,0,0;4,4,4,4,4,4,4,4,4,4,0,4,4;4,4,4,4,4,4,4,4,4,4,4,4,4;4,4,4,4,4,4,4,4,4,4,4,4,4;4,4,4,4,4,4,4,4,4,4,4,4,4;4,4,4,4,4,4,4,4,4,4,4,4,4;
06:02:30
4,0,0,0,0,0,0,0,0,0,0,0,0;4,4,4,4,4,4,4,4,4,4,0,4,4;4,4,4,4,4,4,4,4,4,4,4,4,4;4,4,4,4,4,4,4,4,4,4,4,4,4;4,4,4,4,4,4,4,4,4,4,4,4,4;4,4,4,4,4,4,4,4,4,4,4,4,4;
06:02:31
4,4,0,0,0,0,0,0,0,4,0,0,0;4,4,4,4,4,4,4,4,4,4,0,4,4;4,4,4,4,4,4,4,4,4,4,4,4,4;4,4,4,4,4,4,4,4,4,4,4,4,4;4,4,4,4,4,4,4,4,4,4,4,4,4;4,4,4,4,4,4,4,4,4,4,4,4,4;
06:02:33
4,0,0,0,0,0,0,0,0,0,0,0,0;4,4,4,4,4,4,4,4,4,4,0,4,4;4,0,4,4,4,4,4,4,4,4,4,4,4;4,4,4,0,4,4,4,4,4,4,4,4,4;4,4,4,4,4,4,0,4,4,4,4,4,4;4,4,4,4,4,4,4,4,4,4,4,4,4;
06:02:34
4,4,4,4,4,4,4,4,4,4,4,4,4;4,4,4,4,4,4,4,4,4,4,0,4,4;4,4,4,4,4,4,4,4,4,4,4,4,4;4,4,4,4,4,4,4,4,4,4,4,4,4;4,4,4,4,4,4,4,4,4,4,4,4,4;4,4,4,4,4,4,4,4,4,4,4,4,4;
06:02:36
4,4,4,4,4,4,4,4,4,4,4,4,4;4,4,4,4,4,4,4,4,4,4,4,4,4;4,4,4,4,4,4,4,4,4,4,4,4,4;4,4,4,4,4,4,4,4,4,4,4,4,4;4,4,4,4,4,4,4,4,4,4,4,4,4;4,4,4,4,4,4,4,4,4,4,4,4,4;