
09:08:47
4,0,0,0,0,0,0,0,0,0,0,0,0;4,4,4,4,4,4,4,4,4,4,0,4,4;4,4,4,4,4,4,4,4,4,4,4,4,4;4,4,4,4,4,4,4,4,4,4,4,4,4;4,4,4,4,4,4,4,4,4,4,4,4,4;4,4,4,4,4,4,4,4,4,4,4,4,4;
09:09:30
4,0,0,0,0,0,0,0,0,0,0,0,0;4,4,4,4,4,4,4,4,4,4,0,4,4;4,4,4,4,4,4,4,4,4,4,4,4,4;4,4,4,4,4,4,4,4,4,4,4,4,4;4,4,4,4,4,4,4,4,4,4,4,4,4;4,4,4,4,4,4,4,4,4,4,4,4,4;
09:10:45
4,0,0,0,0,0,0,0,0,0,0,0,0;4,4,4,4,4,4,4,4,4,4,0,4,4;4,4,4,4,4,4,4,4,4,4,4,4,4;4,4,4,4,4,4,4,4,4,4,4,4,4;4,4,4,4,4,4,4,4,4,4,4,4,4;4,4,4,4,4,4,4,4,4,4,4,4,4;
09:11:31
4,0,0,0,0,0,0,0,0,0,0,0,0;4,4,4,4,4,4,4,4,4,4,0,4,4;4,4,4,4,4,4,4,4,4,4,4,4,4;4,4,4,4,4,4,4,4,4,4,4,4,4;4,4,4,4,4,4,4,4,4,4,4,4,4;4,4,4,4,4,4,4,4,4,4,4,4,4;
09:12:57
4,0,0,0,0,0,0,0,0,0,0,0,0;4,4,4,4,4,4,4,4,4,4,0,4,4;4,4,4,4,4,4,4,4,4,4,4,4,4;4,4,4,4,4,4,4,4,4,4,4,4,4;4,4,4,4,4,4,4,4,4,4,4,4,4;4,4,4,4,4,4,4,4,4,4,4,4,4;
09:24:50
4,0,0,0,0,0,0,0,0,0,0,0,0;4,4,4,4,4,4,4,4,4,4,0,4,4;4,4,4,4,4,4,4,4,4,4,4,4,4;4,4,4,4,4,4,4,4,4,4,4,4,4;4,4,4,4,4,4,4,4,4,4,4,4,4;4,4,4,4,4,4,4,4,4,4,4,4,4;
09:25:43
4,0,0,0,0,0,0,0,0,0,0,0,0;4,4,4,4,4,4,4,4,4,4,0,4,4;4,4,4,4,4,4,4,4,4,4,4,4,4;4,4,4,4,4,4,4,4,4,4,4,4,4;4,4,4,4,4,4,4,4,4,4,4,4,4;4,4,4,4,4,4,4,4,4,4,4,4,4;
09:33:57
4,4,4,4,4,4,4,4,4,4,4,4,4;4,4,4,4,4,4,4,4,4,4,4,4,4;4,4,4,4,4,4,4,4,4,4,4,4,4;4,4,4,4,4,4,4,4,4,4,4,4,4;4,4,4,4,4,4,4,4,4,4,4,4,4;4,4,4,4,4,4,4,4,4,4,4,4,4;
09:35:17
4,4,4,4,4,4,4,4,4,4,4,4,4;4,4,4,4,4,4,4,4,4,4,4,4,4;4,4,4,4,4,4,4,4,4,4,4,4,4;4,4,4,4,4,4,4,4,4,4,4,4,4;4,4,4,4,4,4,4,4,4,4,4,4,4;4,4,4,4,4,4,4,4,4,4,4,4,4;
09:36:30
4,0,0,0,0,0,0,0,0,0,0,0,0;4,4,4,4,4,4,4,4,4,4,0,4,4;4,4,4,4,4,4,4,4,4,4,4,4,4;4,4,4,4,4,4,4,4,4,4,4,4,4;4,4,4,4,4,4,4,4,4,4,4,4,4;4,4,4,4,4,4,4,4,4,4,4,4,4;
09:38:56
4,0,0,0,0,0,0,0,0,0,0,0,0;4,4,4,4,4,4,4,4,4,4,0,4,4;4,4,4,4,4,4,4,4,4,4,4,4,4;4,4,4,4,4,4,4,4,4,4,4,4,4;4,4,4,4,4,4,4,4,4,4,4,4,4;4,4,4,4,4,4,4,4,4,4,4,4,4;
09:41:17
4,0,0,0,0,0,0,0,0,0,0,0,0;4,4,4,4,4,4,4,4,4,4,0,4,4;4,4,4,4,4,4,4,4,4,4,4,4,4;4,4,4,4,4,4,4,4,4,4,4,4,4;4,4,4,4,4,4,4,4,4,4,4,4,4;4,4,4,4,4,4,4,4,4,4,4,4,4;
09:42:50
4,0,0,0,0,0,0,0,0,0,0,0,0;4,4,4,4,4,4,4,4,4,4,0,4,4;4,4,4,4,4,4,4,4,4,4,4,4,4;4,4,4,4,4,4,4,4,4,4,4,4,4;4,4,4,4,4,4,4,4,4,4,4,4,4;4,4,4,4,4,4,4,4,4,4,4,4,4;
09:43:29
4,0,0,0,0,0,0,0,0,0,0,0,0;4,4,4,4,4,4,4,4,4,4,0,4,4;4,4,4,4,4,4,4,4,4,4,4,4,4;4,4,4,4,4,4,4,4,4,4,4,4,4;4,4,4,4,4,4,4,4,4,4,4,4,4;4,4,4,4,4,4,4,4,4,4,4,4,4;
09:45:18
4,0,0,0,0,0,0,0,0,0,0,0,0;4,4,4,4,4,4,4,4,4,4,0,4,4;4,4,4,4,4,4,4,4,4,4,4,4,4;4,4,4,4,4,4,4,4,4,4,4,4,4;4,4,4,4,4,4,4,4,4,4,4,4,4;4,4,4,4,4,4,4,4,4,4,4,4,4;
09:45:30
4,4,0,0,0,0,0,0,0,4,0,0,0;4,4,4,4,4,4,4,4,4,4,0,4,4;4,4,4,4,4,4,4,4,4,4,4,4,4;4,4,4,4,4,4,4,4,4,4,4,4,4;4,4,4,4,4,4,4,4,4,4,4,4,4;4,4,4,4,4,4,4,4,4,4,4,4,4;
09:45:42
4,0,0,0,0,0,0,0,0,0,0,0,0;4,4,4,4,4,4,4,4,4,4,0,4,4;4,0,4,4,4,4,4,4,4,4,4,4,4;4,4,4,0,4,4,4,4,4,4,4,4,4;4,4,4,4,4,4,0,4,4,4,4,4,4;4,4,4,4,4,4,4,4,4,4,4,4,4;
09:54:01
4,0,0,0,0,0,0,0,0,0,0,0,0;4,4,4,4,4,4,4,4,4,4,0,4,4;4,4,4,4,4,4,4,4,4,4,4,4,4;4,4,4,4,4,4,4,4,4,4,4,4,4;4,4,4,4,4,4,4,4,4,4,4,4,4;4,4,4,4,4,4,4,4,4,4,4,4,4;