
10:10:12
4,4,0,0,0,0,0,0,0,4,0,0,0;4,4,4,4,4,4,4,4,4,4,0,4,4;4,4,4,4,4,4,4,4,4,4,4,4,4;4,4,4,4,4,4,4,4,4,4,4,4,4;4,4,4,4,4,4,4,4,4,4,4,4,4;4,4,4,4,4,4,4,4,4,4,4,4,4;
10:31:20
4,0,0,0,0,0,0,0,0,0,0,0,0;4,4,4,4,4,4,4,4,4,4,0,4,4;4,4,4,4,4,4,4,4,4,4,4,4,4;4,4,4,4,4,4,4,4,4,4,4,4,4;4,4,4,4,4,4,4,4,4,4,4,4,4;4,4,4,4,4,4,4,4,4,4,4,4,4;
10:33:24
4,0,0,0,0,0,0,0,0,0,0,0,0;4,4,4,4,4,4,4,4,4,4,0,4,4;4,4,4,4,4,4,4,4,4,4,4,4,4;4,4,4,4,4,4,4,4,4,4,4,4,4;4,4,4,4,4,4,4,4,4,4,4,4,4;4,4,4,4,4,4,4,4,4,4,4,4,4;
10:37:18
4,0,0,0,0,0,0,0,0,0,0,0,0;4,4,4,4,4,4,4,4,4,4,0,4,4;4,4,4,4,4,4,4,4,4,4,4,4,4;4,4,4,4,4,4,4,4,4,4,4,4,4;4,4,4,4,4,4,4,4,4,4,4,4,4;4,4,4,4,4,4,4,4,4,4,4,4,4;
10:52:17
4,0,0,0,0,0,0,0,0,0,0,0,0;4,4,4,4,4,4,4,4,4,4,0,4,4;4,4,4,4,4,4,4,4,4,4,4,4,4;4,4,4,4,4,4,4,4,4,4,4,4,4;4,4,4,4,4,4,4,4,4,4,4,4,4;4,4,4,4,4,4,4,4,4,4,4,4,4;
10:54:27
4,0,0,0,0,0,0,0,0,0,0,0,0;4,4,4,4,4,4,4,4,4,4,0,4,4;4,4,4,4,4,4,4,4,4,4,4,4,4;4,4,4,4,4,4,4,4,4,4,4,4,4;4,4,4,4,4,4,4,4,4,4,4,4,4;4,4,4,4,4,4,4,4,4,4,4,4,4;
10:54:57
4,4,0,0,0,0,0,0,0,4,0,0,0;4,4,4,4,4,4,4,4,4,4,0,4,4;4,4,4,4,4,4,4,4,4,4,4,4,4;4,4,4,4,4,4,4,4,4,4,4,4,4;4,4,4,4,4,4,4,4,4,4,4,4,4;4,4,4,4,4,4,4,4,4,4,4,4,4;